https://www.geogebra.org/geometry

A=(-12.2,-5.208)
B=(8.07452,-5.208)
C=(6.52,4.18)
D=(7.04,1.16)
E=(4.62,-0.46)
F=(3.52,1.08)
F=(3.52,1.08)
G=(2.14,2.38)
H=(0.78,2.14)
I=(0.38,0.26)
J=(-1.12,-1.06)
K=(-4.02,-1.38)
L=(-7.9,-3.26)
M=(-9.16,-2.08)
N=(-9,0.38)
O=(-7.78,3.86)
P=(-6.82,6.18)
Q=(-1.68,6.34)
R=(-0.76,5.06)
S=(1.4,5.42)
T=(2.26,6.22)
U=(3.96,4.86)
V=(3.68,4.02)
W=(5.08,3.7)



coordinates = [[-12.2, -5.208],
                   [8.07452, -5.208],
                   [6.52, 4.18],
                   [7.04, 1.16],
                   [4.62, -0.46],
                   [3.52, 1.08],
                   [3.52, 1.08],
                   [2.14, 2.38],
                   [0.78, 2.14],
                   [0.38, 0.26],
                   [-1.12, -1.06],
                   [-4.02, -1.38],
                   [-7.9, -3.26],
                   [-9.16, -2.08],
                   [-9, 0.38],
                   [-7.78, 3.86],
                   [-6.82, 6.18],
                   [-1.68, 6.34],
                   [-0.76, 5.06],
                   [1.4, 5.42],
                   [2.26, 6.22],
                   [3.96, 4.86],
                   [3.68, 4.02],
                   [5.08, 3.7]]
                   
                   
                   
                   
                   
                   
coordinates = [[   1 ,   1],
 [  50 ,  87], 
 [ 100 ,  87],
 [ 150 , 0],  
 [ 100 , -87], 
 [ 50 , -87]]
 
 coordinates = [[10, 10], 
[500, 870], 
[1000, 870], 
[1500, 0], 
[1000, -870], 
[500, -870]]
 
 
 C=(6.01,1.81)
 D=(3.13,2.49)
 E=(-1.83,2.07)
 F=(-3.31,-2.11)
 G=(1.45,-2.13)
 H=(3.45,0.69)
 I=(5.51,-0.27)
 J=(6.97,-0.81)
 K=(7.27,1.47)
