44.33657043418539, 11.702945893465113
44.33671745612068, 11.702079029276963
44.33706556845723, 11.702216663153399
44.337472395428286, 11.702832868290129
44.33805616028721, 11.703757727843758
44.338561346657436, 11.704544884320091
44.33878852462873, 11.704523319236962
44.33909634677393, 11.704472070695983
44.33944081515876, 11.704451562805763
44.34020744068189, 11.704807370682133
44.34056016017973, 11.705098184636116
44.34194411507742, 11.70582988278506
44.34274030512136, 11.706259954099508
44.34305756749093, 11.706600393903951
44.343148190657494, 11.70680268689233
44.343619159806714, 11.707979460524411
44.3440080823767, 11.708169517506484
44.34422550624547, 11.708650376261454
44.34436218429151, 11.709561625428703
44.344443064988454, 11.710789540359226
44.34451743104824, 11.711317060028971
44.34455416858601, 11.713418954460842
44.344328873576245, 11.71525643399409
44.34407635113543, 11.720521430165038
44.34450294520902, 11.721981165974169
44.34488412843769, 11.723682115827666
44.34501005344771, 11.724554058602607
44.34478271853264, 11.724780315082086
44.344492287543275, 11.724982320664996
44.34407426516439, 11.725191950300157
44.34322870642471, 11.722986976326476
44.342727656010766, 11.722195419583244
44.342120124455214, 11.721531688119393
44.34050567780121, 11.717314353097056
44.34081550933767, 11.717165330964761
44.34075669953564, 11.714545030491117
44.34076098599598, 11.711842804609395
44.340872587391935, 11.710922792062766
44.34073982882207, 11.710580109251476
44.34040738620977, 11.710333089262761
44.34004192023709, 11.710039982024648
44.33947837967992, 11.710291812681541
44.33937870303898, 11.710276605589938
44.33816232445064, 11.710469087150338
44.33740502273632, 11.710318208189172
44.33660671068078, 11.709723910588927
44.33680363803263, 11.707381316373112
44.336725543376545, 11.704984811130775
44.336592488987414, 11.703645333056121


B=(11.99676,15.66774)
C=(17.01539,22.88202)
D=(21.56352,27.11649)
E=(24.70016,31.03729)
F=(25.01383,36.99692)
G=(27.99364,44.52486)
H=(30.50295,52.99379)
I=(32.85543,58.48292)
J=(34.58059,62.71739)
K=(39.59922,64.59937)
L=(43.36319,68.36334)
M=(50.7343,73.22514)
N=(57.00758,75.10712)
O=(69.86782,75.57762)
P=(84.76687,72.12731)
Q=(102.80257,71.49999)
R=(115.03547,73.38197)
S=(127.89571,77.45961)
T=(132.28701,78.55743)
U=(134.01216,75.42079)
V=(135.58048,70.55899)
W=(126.32739,66.16769)
Z=(118.79944,60.05124)
A_{1}=(106.8802,50.17081)
B_{1}=(96.05878,45.30902)
C_{1}=(93.86313,46.25001)
D_{1}=(91.98115,48.28883)
E_{1}=(89.00134,47.34784)
F_{1}=(81.94389,47.191)
G_{1}=(71.59297,46.87734)
H_{1}=(63.28087,46.72051)
I_{1}=(59.5169,48.44566)
J_{1}=(56.85075,46.40684)
K_{1}=(54.81193,42.64287)
L_{1}=(55.90976,37.31058)
M_{1}=(56.38025,28.52798)
N_{1}=(56.06659,21.7842)
O_{1}=(52.92995,15.98141)
P_{1}=(48.06815,15.04042)
Q_{1}=(39.28555,16.60874)
R_{1}=(28.93463,17.07923)
S_{1}=(20.15203,15.35408)



[[11.99676, 15.66774],
 [17.01539, 22.88202],
 [21.56352, 27.11649],
 [24.70016, 31.03729],
 [25.01383, 36.99692],
 [27.99364, 44.52486],
 [30.50295, 52.99379],
 [32.85543, 58.48292],
 [34.58059, 62.71739],
 [39.59922, 64.59937],
 [43.36319, 68.36334],
 [50.7343, 73.22514],
 [57.00758, 75.10712],
 [69.86782, 75.57762],
 [84.76687, 72.12731],
 [102.80257, 71.49999],
 [115.03547, 73.38197],
 [127.89571, 77.45961],
 [132.28701, 78.55743],
 [134.01216, 75.42079],
 [135.58048, 70.55899],
 [126.32739, 66.16769],
 [118.79944, 60.05124],
 [106.8802, 50.17081],
 [96.05878, 45.30902],
 [93.86313, 46.25001],
 [91.98115, 48.28883],
 [89.00134, 47.34784],
 [81.94389, 47.191],
 [71.59297, 46.87734],
 [63.28087, 46.72051],
 [59.5169, 48.44566],
 [56.85075, 46.40684],
 [54.81193, 42.64287],
 [55.90976, 37.31058],
 [56.38025, 28.52798],
 [56.06659, 21.7842],
 [52.92995, 15.98141],
 [48.06815, 15.04042],
 [39.28555, 16.60874],
 [28.93463, 17.07923],
 [20.15203, 15.35408]











